---
build/images/ASIN.jpg: 2015-05-01 14:54:08.000000000 -07:00
build/images/aui-sprite.png: 2015-05-01 14:54:10.000000000 -07:00
build/images/background.png: 2015-05-01 14:31:58.000000000 -07:00
build/images/middleman.png: 2015-05-01 14:31:58.000000000 -07:00
build/images/prime-logo.png: 2015-05-01 14:54:08.000000000 -07:00

