---
build/images/ASIN.jpg: 2015-05-01 16:10:28.000000000 -07:00
build/images/aui-sprite.png: 2015-05-01 16:10:30.000000000 -07:00
build/images/background.png: 2015-05-01 16:10:28.000000000 -07:00
build/images/middleman.png: 2015-05-01 16:10:28.000000000 -07:00
build/images/prime-logo.png: 2015-05-01 16:10:28.000000000 -07:00
