---
build/images/ASIN.jpg: 2015-05-01 14:02:01.000000000 -07:00
build/images/aui-sprite.png: 2015-05-01 14:02:03.000000000 -07:00
build/images/background.png: 2015-04-29 11:02:43.000000000 -07:00
build/images/middleman.png: 2015-04-29 11:02:43.000000000 -07:00
build/images/prime-logo.png: 2015-05-01 14:02:01.000000000 -07:00
