---
build/images/background.png: 2015-04-29 10:57:18.000000000 -07:00
build/images/middleman.png: 2015-04-29 10:57:18.000000000 -07:00
