---
build/images/background.png: 2015-04-27 23:54:24.000000000 -07:00
build/images/middleman.png: 2015-04-27 23:54:24.000000000 -07:00
