---
build/images/ASIN.jpg: 2015-05-01 14:15:44.000000000 -07:00
build/images/aui-sprite.png: 2015-05-01 14:15:46.000000000 -07:00
build/images/background.png: 2015-04-29 11:02:43.000000000 -07:00
build/images/middleman.png: 2015-04-29 11:02:43.000000000 -07:00
<<<<<<< HEAD
build/images/prime-logo.png: 2015-05-01 14:02:01.000000000 -07:00
=======
build/images/prime-logo.png: 2015-05-01 14:15:44.000000000 -07:00
>>>>>>> 3dad644ac95944a789735589b75e91960d23e3ce
