---
build/images/background.png: 2015-04-29 11:02:43.000000000 -07:00
build/images/middleman.png: 2015-04-29 11:02:43.000000000 -07:00
